44065047809511640
55291872628829410
24240777376337019
87594655360104989
82444752569069804
58107527694641762
25890244706130700
92750232343022347
19901467848459825
89294539587890314
64843628819301842
12455749079519774
93988478314466934
71777854976094459
20376592439983143
62213577897681272
21029674744538934
99267527737484756
71984705458569465
28296756833460188
74592777422456407
49224497838728503
63196935886964326
79048563646487046
16455062505987510
59928994630625281
13480388614173027
30937072321945033
19690393331163831
36112346922763504
75763602180471080
93021203692113967
58660970980193199
77175434044010183
74970280055654422
81551493418868749
64795182489207629
52427455160738268
54986488123189729
78795412857287222
82479999873690195
58769543161900163
16482309142709562
70113593457912912
74977093664529594
38764959676196787
82887110222930734
22317193905248924
41083418538518902
90571988707505553
88220132096259023
75984998276455047
62553856746858270
22653193844471952
79097231881054440
84016297323359905
65362573209570895
54677554936801513
65093408821026491
25885907107585925
83344841317893356
10931290232511376
67251762107988033
99085226687034842
97857492744777053
23737196051789378
40332327719248053
33165196052164322
53647664217448045
59949756255035559
39684113588420653
34781504068124075
56934240403201172
17064157789905039
37985246631795541
33271198595257668
57148359117062228
83329785505438458
93264963244882680
60905665210902952
81326108859029381
95084179520987684
46075689732620069
43782007109850337
54872345050277974
88425818440890268
42287478948571265
54165259448610311
33385908492213657
55548930071192451
46231985020076790
79552761314480922
79252422470863053
86487868354440913
64183625074006312
89766131844310323
58804413938975573
20912019423933700
66284996515431788
59744651893219788
53921642044828049
58413337141611782
74363937286505577
27434056316881910
57534063958231307
40408566113755312
91134284756094198
48019861392829964
96531917814876120
10962866245531460
67200021717142452
32997572147298393
23220981043770067
78674874986911716
96799725671028606
45273712456472158
82617242695341867
99038983706545762
59140398636467292
36764998510187916
79750240341892890
28872732482295142
85552311015596221
99335605785797327
73746251641529525
23833944596765424
87536178270897486
60090465546221715
98303748571948624
48433126132790439
91173687580451675
36390693225831893
11163140587317989
66490760612716758
34324731930058434
17405587969227251
80707595569284772
87431460069889110
72198838544441718
44731122097991354
56116515979543455
82233905296931501
77438485656008167
28157278126223688
86498931888759267
12228908524821255
21988619097780852
93635877951540643
84264276725557744
90599972915699188
68052892011104636
92595559873483415
91867326497507329
22794711932956151
11995086075723564
82964859268040223
71283713595519788
23600057146962080
34572131255293523
13008737965008608
70416306906983033
93863145788087621
29512325187125680
97086023563423825
90769853899249701
89481243051455704
88245606884329257
94324098576878064
73110004646987497
58527088171135118
37717733181804638
10241725678403816
64483848318288109
38264152198084299
13090573314395500
13343675009733135
69516108649262351
34587548466993879
71767988840329714
66143392446484666
59918856172089243
75167402452207299
88189632406633821
82286989146111851
10730530393416868
15635581541742188
54905462777314045
30451400591723883
91781991124025242
15795105843266097
86198479230680302
54762774098659906
60332792377790010
95469793556987342
56394454518934249
73512336707957743
44694073178639238
59545098598490686
27232750160876719
38800910961506794
21772239965354300
22977675478699210
22956653669442040
64231810523869725
73548821779791751
57595056540222613
67141783007137530
82818646876025852
29291776792395269
53452798293535397
38580820486776072
17705618112139049
81877733819973778
69715887896453872
67187339881449050
86846614332394696
22188164992882744
86060964921069538
96989067568533272
66048752565166277
12756382583170622
65552181772186760
18965130089194580
34681095961055696
35249713927095670
74165762748601596
92485264279107347
64638231365110707
57801126551698577
11022426239501046
35262893662016516
53447075489634904
95971536202434257
59515564822132264
74005659844823723
10457823748248968
30232646381515893
47021497474327988
69149209063863278
47951496287130457
28064472523590089
54418916206665825
28814441089538909
85943501688936114
73627029036254598
33121388909718364
96768623522336191
30499522060235039
22332404414778139
18742191219382695
39960408864674287
50685259732178174
83528247116356610
13045378817353270
92537500859271568
75795153043049037
53190019004617778
23148622823868625
79602264472246139
47060912927026389
31687528408325670
52039586709224109
91648334129232101
12838508609966610
18951887492167422
99003932318589200
94319364920171169
84756496654209809
48574780597783778
47777646041541847
63822625092249438
84545824508298003
62522462394879306
36039904432361050
25252361568261274
82409592557792094
10127888637502414
28835695426867841
50849207705902976
96413852931477177
98495759418928401
73013121068413423
55712896422513868
81592697608593102
41109230205370679
77403161880115336
98290071848884447
28366892558740628
16618579416676302
26482335410241846
23930079838045447
42658686698496178
84886048623744903
97127019064453295
60318412866485606
40686068720535350
31373249638325381
17696821039144859
66132977804492872
50598465443738317
82430019025164616
67312673277727461
21779727682537443
55626815425494034
62003486945767439
14772461767297607
83551265941291196
84577251931691233
17763493135311134
30349918018439240
46678407564151737
62220139606535598
97999860717468776
76305132118765773
51556009115973978
72108289883880196
41201962902577307
17726431312939444
20649564269683653
85409210023909857
85736782420787516
93198580569972578
57840343806911088
66844421598787195
35675048119801115
38047330960598912
76467829998131935
34278979788549702
95543413401989115
34180499301758101
70972565943878921
21349831756774091
40383128513695099
27149858619097356
37785341474247248
44788702453712565
51313583622955431
30673135828115148
81532822469919798
62978977900284844
69698706343765187
32726306051013316
55782207312406400
71180085034337456
38128187682353734
14633929369213109
23840361739431127
40105021711951463
37242282386178657
70044931286031942
84734153386460423
51059405742663397
62819443912739221
23361048271406383
22168968515350772
68259378880036109
82495356217498508
80075667055082092
77030090048740852
43815464015791508
80950908310630378
91763697218974098
85311710474743970
76680832470471935
61598200830999392
84376754834635637
79940550247442336
44447392980431797
94080724178205452
11569637976360599
80333119164255570
67819394039235486
94402049456098641
69187901425661941
39612404568989723
19594831467066298
23775829817846768
30374635235140628
93625462536633664
55938302293686163
65329702121385485
45697317062866258
45502597403215611
12309664657730886
35285602538428247
93530708927198905
99144712968686762
19771944889331900
25614476057885287
77892749494909948
58542407584883704
28411189387779528
26807332893235384
76915063892404397
23319772115882978
76049897556768388
48459762534504782
85968609043720801
47873773002990090
80993082380547713
12857673735527550
31335914144971475
12024276258175174
56355859324431277
24217703797757802
13916860498419827
58341136569466142
86928755207024016
87024342670835713
19861561931668906
27368520653614730
27833497578004676
86881836028027431
86702447904230268
59043411725837122
38960301851186115
99920806369677593
55061961850504548
65346364003488457
90284085651575717
67730938739370845
88012797477103174
72185776110534372
69024040770972566
84323176339016354
17713702607708106
19010866929324192
92868788044955558
37337180468155419
20509946975028378
35776082703271881
50098536072857060
22781576183504522
16171995852648560
64725096929198172
41567562643493480
42573725684023752
31297872422711724
84113169755100725
48317057037739066
29477419504016119
48145331424932665
38805201052133714
21972134110538737
83712081815586054
61209191712441294
62858020801794611
66805803807169906
10671690328125296
41127372419785210
12696899147890144
78521401806500520
98047203415136946
29867998424220097
45950692527662425
69509583245565163
24932037867185234
13816714450872559
80197386650328795
44627063554075912
80180482506888116
29249168752676202
47322575456019758
75044092365377799
54060106027731862
13844447323854779
23563417972017780
63372053651675914
70821317273120195
75747676144678102
93785189778077021
82251151626562032
20163331271337183
46456327882886304
92885530727111956
59371466381139585
46211375016233229
12766908724447252
48605804363220308
13342604663815520
62621301681479499
86673753220076406
13551933106181445
51141291921029655
34627493738164082
93182396018899794
42834475783630924
85868092094071652
55484208619692115
19721430493220132
70826456785607372
32715010064601825
78713746689183003
78006183663006040
62104428091988007
89468886078328386
98840930363478458
18188094056346678
30658794792594313
26861552297583288
35816913888621018
48851415822566477
67812064052186263
71900583949969662
43704953830562832
32334746247751205
68732439457381397
38055271788845574
28647992643721717
17344816832360738
23037230557849872
59930504853382489
76737730584314685
34372206656432664
24151553654688165
23258243140927984
37492937701749478
20265139607614200
47193652520671208
68964468704579001
94858765034095670
13576959129453549
49169387317480466
10195985940476987
90230141573692330
58000865695250837
64285331161876593
87487664598002656
91077927465042285
70450549388952446
81209390035160052
64671122782635113
30955747563770456
97314584217481425
85666940026191097
33910419470016185
74694722492120454
74015392103355073
89971553939201096
33902855025225252
88055356323677985
42657539497507514
24955278899537700
66161958056585908
90232834129310399
97687915460462289
82679188613714231
12784261238701914
15523448701167586
84126756288117676
76174822886009693
65866190806826412
67383884361110392
91053190668809870
22926803749898483
20263036187846115
37306736364814729
22617646199057045
36228207457184816
68080100016075886
78493356063358149
84873311835716732
30420749746564116
47957343602076987
14731580685549114
17256414692669569
25843600884483221
96660423622769490
46013442458532074
64614193217626982
82421771080690627
75321018851933430
21621781557559997
81630137237764400
63966615256719406
14003835538983892
66262271315269165
85900406471245533
43068128537779225
24686090672992144
34820618213841253
71628410167532722
46760225501172963
45884073155120204
91797634263022527
29482070810299664
89960532932372181
42052849045900446
49637381592391521
10167634114159900
85080235542909601
92062961942480174
14957520916257871
93303786307342281
39726890414112896
81145305051746409
97624874281372107
31585099480534703
25634985375258480
76586443601344883
38263511490109049
61319941782040120
32185096015148361
80304615322508212
99071638418601375
39516639534633125
77760764368901647
75362671110934459
79439153656158778
51175788265078848
54032862871175781
25839142529233275
40505042903576002
44177796081432458
75896092264071836
32808654854329495
78542936123343874
51233923487592540
18555195121234999
76915546131986508
35424168260576210
88392521921716082
98389898012788667
87244344599820488
88925079917995441
22874113510088886
83566361329145773
89060128808594360
23123778115023938
47106859680086490
70659470596824108
11930284692494602
89781819552076616
54517966428109266
23980327428190015
29400831369856076
98724949300875034
58851141573428011
52169578695454145
80847359236199845
50747635923760664
96582003484411947
85278737052957504
34935234717231167
37998386502623659
36935243040602857
64873031422965139
95281875845566371
52992557524549458
85807046254617919
48368183029357602
54801548165307411
47689040347646247
63775314879555926
64816932910254928
64232464033113969
22703703138706689
19803360905992782
55971379800961510
31158802924752697
51353078540806303
74250279422009368
69014265277709680
71820409178526641
24123706816646015
25509958859621936
95105090518929909
59582598232621720
51647027447864570
27843297645298382
58247954644146188
64787032299534730
61544181086679374
76799563677499167
90119326815752579
40282644983603863
40171727905767518
78562338290806921
93006765020644802
15781140891185296
24594113297420193
43024790372240634
86731570204368153
23474536430884500
90115249944309288
51695368091209492
23254550713933561
98333791639697001
12948781398187369
33368094764578200
37649423743105626
69790328244426780
84837275394186994
98384412601958855
18163785695795343
87830773851764609
50162220262705511
31861438825960805
26312723258856190
76262497745936343
11865284802337547
24966709960322430
67813249935255077
51909836848332124
61118925185678183
28623545937393373
14387134808332760
10392416839993700
80651503704369459
54177929396639947
33789546379137766
94272337172858770
12577488970325429
97785765235716480
54775108929742602
11736329039847506
84950550343733298
40004001360187038
75046702154720905
73985744254233084
99112071877530072
38615249543729283
65560827251768957
43027762148934071
39336778084462852
62647659614341159
98379560634378815
38811784804492284
68537241445252011
47182033633635950
88239826488595425
48690238059311032
19981133839916259
44640291865087920
28318055176054956
63786518509255614
79508776688693747
42880581032100622
24968598118748117
18884483907820728
30193011748806869
87339151297187346
49255509470345066
42953538675098036
72016268152814371
74723988415731718
75705816544191801
53949648758922032
94947086926303933
14485685541364173
85494161424324837
98134133199733636
12083736717381463
50916345567473336
89816773609176818
71473397948564135
10541087067471181
99635678567479591
19808739525225527
51506840776940742
99521090587123742
66949087008616281
29967182469902278
30317231464783869
13203073210543466
62548199760430511
22885834263280656
14716178088386623
69171218421993610
44369182813151425
52754394185096934
27342907706048494
98427841747143226
35920903757736121
70718616163170593
72370488336420453
25765422506545017
64537157970051176
84723964161154546
38399694810859114
42881962744786942
32210847610007523
22048920415448122
57752154368445290
65052984907618278
39141539580469905
84750733460172537
80937468748591824
17748285787266434
59592133573461428
72216302364987633
91397618611656301
25780127401519582
73720568247696591
59135822014022328
61615438142384156
91337293437833273
19310849232356107
97180385604609020
80008159100966064
88008154698554026
89082466691151318
29775117462683817
64588474879973893
88938483209978829
53934653733442022
75401342313268984
37261370120169135
41101785331976780
70092750489375623
25303899252593005
78581359034143449
58649618519760017
54698474590293296
40050854435031270
25567469438179190
92699495349039083
85902397629017123
20408726812759161
25212117716255301
20575833279619404
36150457870896668
55482219770342905
96588309590654296
86578175086306965
43022853832838957
38356800743346195
67317648554644093
89874952751263015
15868418792300368
56818584636310132
95582564818954463
10917757874166674
96782210890706419
26876100943834195
56678168039424800
48136930423799157
94557434555844880
11187007778967052
59444102781337458
11576034382870891
66846279009522815
17973252327538656
97140190883503013
21164729389625688
33262590616122082
14481788647588631
55744347062686183
29720526553311127
29259247204116490
59364998857984646
41632599847207577
20398158643357195
29916743931470845
20845698223923910
38991424276436821
55691123515041014
44475428433404883
85227048933295710
27517444973384454
79013373149770220
61841166443175552
72718604770838863
19672123376885179
88205526368987282
99501168357304940
12373907420667255
25848877680752558
43026728886128825
48760653510179793
29941128645703256
33647293781391351
17015016188789243
37822962996634883
21129978029845517
83640428505404894
27956161339633059
73400101762124417
46646569893540176
13887923912815090
91623893876378216
11685422240124051
23972147920637308
76485798774013760
17438123573411057
65264564475535448
46449686006884745
89667683706146952
26793510578187660
16038701127944414
77283020155482023
99802811490714205
72440342958915323
69771893673729626
74957513078756421
33898453028643600
65102681761346653
41499536108850343
38978801886751480
38815565943720089
14799510265159712
81934081771140240
36883863142028091
20953064034721264
12852460403603830
58538977987907761
25322491658468883
43712041658152423
81621312146613396
52443403573007961
87686541220872630
94656488005682024
69400663015125364
89189533631053974
50060645991305222
58535359425935882
86210041733871945
24698588983379147
49543319202479233
75173454812357101
62911730282821508
48906594793428247
64821524948167729
29714155020273676
10087600885363677
99049013330682967
82307919304933129
98437275806439643
78802032924181064
40201281883284661
14904721558812581
33912866807863328
22920151605220609
28958886720232276
68777355259384558
26831260611829866
69349914679110540
29307153388624886
43439310076663068
69943104295791057
96093582263264436
66332317993350571
10284276379818984
80634050987030180
22298564865117051
23614207510108557
39287974680868358
38028004128549243
72169404010806077
53667436834420247
99450575763407081
13151609542613156
71246846854362308
64223591993115015
56391324687740458
13589929853372713
87070906615776586
88070925938339230
86590054309576378
70527262395465877
49561628419714450
13039102815781115
53750784188999114
85515388403147045
44554447105355157
35627762927522225
17211852180153010
27349945512017586
32949057584350948
38215989016235761
14312513491351402
58655596012006623
12971771154256812
59688310087026406
80547442025554226
46300752378294660
99523071152582191
48272363576862738
84592657164558383
41786203024159054
51133158378021403
99837333599084068
65276743350625223
68855121448701922
99522926199433914
70472744030575825
11917893272221397
43276028583522371
18611142947381296
89684107853859420
13199478389467422
23548467863539176
74857471528959918
36143807766313434
74629684117347083
24215712414541708
68326763406694060
52106705058228954
94560951074999971
14484653030752873
16944723613894075
97005226147247795
56242348346490819
32377186566280135
49305640888328030
94076619571209690
69235332287463354
28712494491611087
51859174856617669
25418199927429846
78583598085658479
65973698655844140
89751352034991321
59141677384384580
64684138015837966
85584326966684298
63370214782356917
20964206095503070
52681573507652794
16740319793314852
97875309656699938
73327204371913497
99247619988291951
58967906177154789
73038950400683198
38786628779403652
41655491453878212
25627005656581432
86308431297705045
52748811035920845
49425901521034722
15244565080502088
71626925030919518
73854939375248597
59015247921149441
44322936469143747
39227197462762861
47452458599283571
69225507069022666
67106286474794700
10810770057698852
16307898202103009
84933870836386313
82326566891529449
44450763417845051
90729762994206824
97049277843599033
22401961897447256
34440568766223907
83027380747635383
47690682966983325
47143890562735565
89705518003396325
59553320471856215
60774483588850836
29100566757011525
79018146571367009
62343545519748495
70122137286094430
10523790024896166
31994039222996050
11365158758985316
92839788878207361
31120384181336250
27893212866624218
34894643204311422
23148138359764038
52549267562781362
43350758055923314
35446064499505637
60081182450844948
68872892002124343
23496219466483203
54139747645205376
46269121771674049
23134396723650845
32315699229547230
28811263368650336
12536703762793131
69557697657119644
17087370183564243
13284387540744233
74997169537457487
80427819594143233
96429680546275519
14860787264517346
64261545788662474
68763386345136646
24887863146854016
15764714996213228
43406285499386169
83910945002521719
71462033982310259
54129186204859327
10357527887123637
93630508075804175
47389080177830496
40161847861653163
92645233574944888
12883465432470761
15391360209437413
53379957514191481
47070982137915500
24587259761143789
99443723241926524
87288212892648102
52975997828941503
81388430863072792
34058697361872469
88086420537140427
43244226050942570
13733778565998454
23484533588298460
25358187547860225
90933358098318824
20750551314034627
43051336816714253
78390914743863981
98801989163410961
96966371041582038
98586204154716237
72719846429477395
92893806483104887
53062491058404077
64194983512048058
91201298018636641
11587108049830839
36014394918885181
67620099539372689
86883040470426539
64803215514050643
25197634787011557
17236572479120143
72683858163216571
90999819074430924
34456570344327797
77262156740615769
70964480522608947
74228448986378359
29483814234083468
24861986398163983
39877632215782196
13549572551586827
34773712958482277
70993274292725704
12392680882835498
27636955134821026
57499485813612138
23368139663713921
89747762710743927
54410613662327990
54621659952006065
44003319833486662
69129417662935661
95843579123059145
74661997896748792
12061449909111634
97761041853360592
58839015606535225
69024550284605227
75828472203907254
65547467447595138
85181495071328534
60495823187890139
69353146299058964
46294521042611672
11716328920816767
53724614488830570
46319421474146353
34871718478898377
45114344704139495
15070102545597344
58010983134435988
22402152723553056
59313857326323425
27502658655509452
36090937033826454
82248825955523322
31658130947571370
96724219437806446
37621448152009360
30214507364439814
97514883987376043
92646039345945248
48646617359294670
49639425989211610
59247258090401894
40873082856742737
53014303465728264
86033108426760558
27520386918036069
22122556717495336
90943253557661356
85516534561398532
67468076877882806
65946097234758605
41506072270312944
98746494214215264
15432654329560675
62872364597485827
57926176862203521
50858209799640938
74334682772937026
67630062423543416
91668494097038561
56699366839048161
63675995178251317
84330072049841321
64928284070323117
83691008677936993
50969513832930201
83801882947664593
90045925403854523
91250058836893523
50508705625578978
42577824777497113
55110472069303709
65457511954126283
96239660352662184
80286023371663312
49999669796176653
76401848486904839
80446829860269850
80008689578013373
58649015221205075
54038352576760017
63427271160128419
15123342061396645
68675566598793970
27311100340440061
16623282998102733
95400537750055097
51625677146079309
23174070085886384
17308842987733589
92345100406493952
39798426902265433
85421998257958563
32520373311075777
76976946663640181
88482964324404910
74017428363239269
10063614225555388
86427848289934204
72351525251799931
13585824845053410
74558445314476204
41730293111993407
65731506324656669
46986474160245120
37005591738326039
58369877294645208
75298547397708994
64893483614315896
93061900991360205
53746890892489563
75563010276017490
42055924510594995
51144404724853361
57724859740463809
73720063852521870
30087307327701571
36040082058502131
25212593078914834
98333970298583942
60751001102611135
47018302348579504
93816282928724752
98286724759307491
45455720515240211
16536748703088076
70748360820572374
44792056749834976
76363088859031577
38430870120698973
19050900993925398
98380007049196803
22058571748227571
50918199673422533
68417385575773086
33301190987438418
99405565759292606
29549918954506119
12514316379327588
68051140761877725
19211856091107726
26734954395509731
39319990447809386
59314563394233785
92617404820737568
87218260878868216
84124330311392839
32161478078910179
19928998435413299
30266782713707649
58018892189271009
37377120468614005
44353942569877296
77950819296487553
79131297688579533
66284956690873085
26231093063681075
88921806910675609
34487548700832208
50308154196126129
22836637177472033
72901153917469512
33843555153741043
13611527853065352
83925128163403745
11245664851797090
84173734201463313
37270524192532694
87407315462996398
13851501747439005
42276494825965802
40761756336807035
93522699057705902
76344930596583434
99459186696707601
75621932972695610
14314428202326642
18154505950454164
71343974096858429
11227097928099957
17739806414412376
39028483436062401
43718973567415962
91227007700278308
81433297715664440
92680154406300220
25378951530523773
33191007050093466
61885075618699042
72276653321285507
12870802722646995
18478103437319449
78350555827725291
71140362964285799
52456841658954879
93585838185453513
85774070370734142
28557074590999958
26346140665567738
80822036283037278
76789050443984259
51339693225822062
13671843144178802
46503629276046320
45280091536135307
63096899171226281
25952795008531498
18932295345143381
22191411804915958
97222916247810970
71247618098590287
90178305205254492
61938882964979279
55679545951281901
29627017923665737
31343809495292908
12627852971532026
37841657460366000
43872961458547505
57907069719726611
40922913576142510
24633619045866039
68831521183584003
69921756779023480
49157637182588532
71967670573570952
33588589095625061
79635040731429645
85672907494151279
63697130636400957
86598300797224201
14786455718115192
13143197394347854
54279198862874816
97536748614521998
11139086689507993
69298151349388358
54695869041377065
63732408401189304
75488585186383832
56480562900239740
11407633983691507
42125052049084051
92253362660956100
54827496071307436
74511446446540610
13544711004000394
21284689150341888
16608960113978423
88411397017607731
85121002852120442
44430622443773081
36545902555579962
72646896586772849
12723505736903003
60721232120333432
33085041753557625
33859829981200609
43641107324625612
37678535235790731
64469327637032526
21573613436043713
61041393843798683
62023309392012545
91806659757997851
70827576505539430
88178159569401237
45223833935759029
16732613206648130
74684924237516821
48060556826130273
29425304978762901
47437332385857500
19595778663666094
61968090979957650
50753435330283790
48855780404248364
34626670466719615
24473951529179655
22465156465068709
39895576620954809
57984508494785569
16231732884660890
68089788111372013
64393968477672915
41092268177023794
20001169551677548
35343225166066999
76061289331138663
33432106555583325
23592001952291839
81624248924308819
32020419787515581
71246584230246435
22102513609794890
42250459398241078
93992759248829079
87171568690764291
62458256437607313
82487821328729325
19929471564976441
57446967958843108
84564117727466483
56054976755729749
45611282544560252
77615881701511316
20828338146357885
45904723381636743
52386050130026855
40120713170017751
89344453754730860
31582364118182788
65882517292500779
74487872688669654
41777912943786784
10223045649974261
69945298702561945
22745363913989847
51287811122758285
92453994388042215
24955988819810456
65247025537416707
29079346969299530
77559328893098879
44417949428339296
28052984863235470
84128963223062266
15919058637822980
87040245137031140
18822708290838898
67345163859625096
23592144410243315
78023915314883074
58648121671230499
47780586511243852
35491516916113454
80921828749914087
15177023528546041
31787255732200554
56065835168623944
47619070848100277
28251498455281560
32243374959774857
40382829241920649
56512391647128280
40274665880543898
52847154190328827
90574573467198031
27302666547158571
94416991038830859
12482784571792753
36933648155197213
86874646234932064
99222812118925267
57966759817239347
99057994034415732
34517381725636420
84858004434529697
50025371809182802
35816174828909152
55111134479612507
24865333886945578
11859061873916663
94063493862717841
12656882005042863
72484131176415959
71051772921466017
22426121141913326
75092288318503772
22242174661213652
49685532940534717
21308943511919981
56023758940461736
31537242541533948
42679163761883328
14714142483095699
43393892037312889
51966687131604173
13472780045291451
68342119978858324
48081791815635827
75032274869416574
62402435635427088
70958528684388697
34708378676444657
54727804406556926
10258186790783653
11034076334327794
86268442030170685
54424553178734130
77402781238497848
79590492204190711
58378667430218237
29943582742614296
47016939197141582
10235594811280115
60974045068340780
66777662991506193
48426424687334314
81846571140727217
74134561779435284
21134933325454877
16525569489836440
99990974269237502
57442887746472731
92375675563324836
58705647474021908
30229485176472651
80679469463059240
14890478047585554
68452249451281580
95339993043958427
88932443852908733
32709484815470124
98775486802834668
39783750729439719
54905671489978776
99604085601012011
11901322969286563
76338309818160911
75191165763589614
85458248079810410
10342209324154896
92558464639619818
21807541116724997
56369749964585000
15270925566029440
21907247535904660
10804805697933490
25263178899180673
62606961706755601
44352473644154684
72973597923021000
45302721288313045
40038912145025649
74070252706491378
24513969425992805
14557839550103100
58128474910780424
61120693159033424
53374178258663353
73970671672469396
80360262858283390
20077614442381511
12377637067623376
19899549958072188
17515148612190140
14944849261534441
33833828074274558
38185083758135751
38675228827652418
89965439176480601
35262701533325410
14014780429364945
67908949192815919
55483403942923211
56502476773226121
63225578200247303
93312126201821766
73846943957802296
74204955193209068
33500847602168014
86531568160323115
78298154991024323
17387395053511524
53847054579266796
73865342904399102
78955378268135209
53427883791577622
33114552055905690
83839943934275977
38642190725600299
12587762083642865
79812131612646260
23441639842895591
38022595625426391
58224795212907121
78111006194975324
11056684082460099
79075969493019697
13798084953001396
91934609724530864
42407432925264888
48200023314235561
76816024561531144
47656970075660061
46192169044719838
82896176323732801
91611797643479502
27439764262277752
73131675467660789
58775387565474967
84609021906705336
51302550385652157
64533572560562899
43413288175539004
25968572110808393
93987127506642052
97091428367543875
53093223187678281
69003350314383474
30082808429823333
38701583534065731
61665067953128549
39335318962423037
51172476859604194
20526620563411738
59804763495295782
15870692940950993
41657179515226393
86774321373935546
48201458659711327
44088173868084021
60289896924805855
57945113294689656
23984106062223499
13655838117303199
41655638060579023
32587242169990878
82046914812410974
97398555857856947
10095724444925402
98391251973459523
20933450402172847
96980883359601671
38054129179541260
89644976819456714
45489590240777109
70085175377934842
26426664260768485
40005362358291256
39450807706942595
78718778002215124
30329638963503115
11220932813649288
79312882419957882
90613422009363406
63802705137372666
69216752975808533
65191155769818302
46822320265159596
62740942343973499
51252821885420716
85260070054739898
48685768506709550
71660478587531455
14098161575556071
61179238875805233
75968797805408785
39843037067715772
51161732190493605
12329465322219649
15538232955353027
14766051396080299
24397114629420081
80126713925836076
87135149757602918
76990889434859735
15531278901330438
16385233535863716
70455943080736372
64044241282264027
98550654239512595
25185222180876265
92065619116699230
50483766075809085
25491825947781336
28477017263333613
87846077421932627
18974866084808954
70777293320282782
93465262087716740
66049342540429979
26360790303520507
67300167555236686
16352151032565283
92988717127938673
49495337878118045
67190557448070218
99071225533925746
48625457610171722
12240606720364430
43224859739674124
78929179153187497
79869340050671262
14579152188374539
60053223913015128
15493337265791246
13531494586135451
89163121063094586
11184380498347257
67180387476749217
20410948358841515
40164518137603768
69547828314507995
12464993977129826
47618791554993656
91687605306310678
24927220346648951
93808469146408699
54063687933745011
10421265031395537
13643011824415552
58859784889589462
77165356765387992
89114816352897181
47977207786075380
66024604815119972
63312632686997830
79840905837527310
38259369334168556
96099296054350115
79546503289951589
63468187783631380
57851912359711265
37733922449331472
24664105687873933
54437948807557204
25312193276909445
88242965928820234
85500071705261591
60643692601854363
18152055610965263
54263946832008064
54258045567524669
99750064876458284
79831497532967091
12639423299723292
18353907389515209
85499383393391072
16769509308071714
97828689534018097
47354705641277636
31329168366600169
82059579440718258
24348790565226030
26786789954103605
10667211037325918
97460129398268970
57471844669184394
76609420201547934
54111266793250131
82759357679934412
29894682964634253
51172555127386530
94264604987540847
53860701205010305
59264621266543900
68609101467864562
19377617539963487
43442531077262138
71878218718142124
48285231123056886
75000033732715819
89286887896188495
54053816403299179
49764420328270112
43027652647407868
11565650507549126
53769245950957757
32739069564676591
67739624864773978
36755201424008064
40563711150692597
76130368032615557
31482980607990207
20944647138480379
94125214496889652
53781465210351225
98075486632837142
97300453234814249
61223785963198749
36806877085729654
21856940375521421
50174459220023832
76183255789080895
16970704650368023
60435947694708675
48584672175057549
73859788903715990
37004272307544157
18281075464850462
40514713248937367
31067017647692235
84225675767541801
47462210329093513
98336126573600128
48349169214969717
82696920639089749
56868134019604977
87365998946154155
35273724739818354
18581586528433451
81313284882429940
93141674881365277
21538454906222183
64715665748223090
22638027595861108
88517606203913426
47602468546962308
53921118859395641
27349902910963839
33078331847637621
55933762492693246
76377188996170578
93167745812342285
49258413311433986
35497197599301090
20407277604935067
80546973452545568
72369796587021209
53574788619493734
23391954061679717
13675096557290263
52698942254538006
60130729069343734
73724395738487580
50788692881781865
28369358927447785
40215975103290920
81290172978186268
16923928445354371
13542649860600611
46474648427958635
95349108308913543
57376778569881993
67948046625228241
89294056102263919
15758125533953445
26648508542702470
65035782629067615
62892265747482288
16574567132922027
94949910372956837
92649355115535262
22244457561921264
10645017887811545
89958609859556528
26746986249159004
77147614737251953
12722517484357557
33044865741599595
78653095014190405
76857564625767122
74722412888251984
36559085358028922
30194183904056100
56196881378048959
94323728279156134
87704613839265622
18826590841425267
23820761556651100
97956118076260536
53278323754436543
27840188149063583
97868463489726575
85422872817035558
35535061342745585
74532885250410743
12952157897658508
24247576393503183
51290340044516652
64128366565134790
19364870438637154
81867678339328096
77204254892575511
12042832556626234
47344676878686021
24659403789034013
51351568614770726
35199611491866189
12763896696108608
29617703157889073
76030974192634825
78058509311007021
51919146716060417
26015498910698259
70098997951706623
54708657579787449
92116096611887321
37547759469968291
45492788493530902
57532241941181312
71534480076466630
32564968717467984
19014576208705748
91386038248739106
15074668393809835
45342703080039592
29661632577464193
44855718232399603
17575367754727147
34764757297711450
75426019101957606
76515237734875434
79374192597082516
51522524243578477
10138644421879082
63006353451401735
18930418129351378
18681444742993264
76230453748605397
92922729023680244
72168581582796084
22324627474628086
85426671434553336
62729578809522975
71992225187726974
74205935610712391
98421327915494952
38965484177917298
16874373482177601
19783930263534062
34512880764118303
41998056754192429
76150340262346762
62834609360603507
83152186793962188
90043755903252544
62090833697783374
31503940572920258
85574725332181961
63867929886129796
33906217228884305
59353241789121858
78516014168055213
34364057844240834
19151461666458403
62810805569380517
87458716993731436
50116902894816531
16500639307560788
70362901203200345
63995623329897334
56697765540985146
49637834558419384
47446498740266442
43712555824753107
20600307392034812
82388282591842667
26673806403546193
17072639804775993
24413694108410710
49949936420137502
98057776527161721
16969128503995259
78473967115173295
47720419046829933
66822680509381612
81067637602719719
33047288161720610
51565124739655845
49841762839905303
10006336483570157
19804085164713808
20405020350314854
36661189435672475
94015261646358757
23765182531932030
12480762341470075
85347424253220278
92528093239731586
56060095610763395
24590639362570647
90402383513491805
72612343776855218
89345103961577239
45187448596769696
29568192167075331
15837954856106628
47151231407258306
47899181646339974
12913388123743376
58288752279838068
88060154421758884
63219085508699499
24989883670033751
95572855201945881
65164786535087552
41451661773557506
55753898986539366
61880177644853188
27633696588948805
34588156947482367
79430386007110261
80354173171570113
69295251778796582
28565235587612505
75238301706858309
56919718298480593
59167805178614671
71466920911890512
63316789604891760
88888645628241957
17141064077981055
81579227001224461
88596528842188584
77750018679524106
18425764633865831
65608722729490911
66372614398224173
30162996555194870
38179635738799686
65219761426043276
30398282480129359
48050913128532974
69781047031103804
68278258865355837
41847215442908620
30055164894426434
29143744734177980
38395137532934720
37746257709775677
80698960202413463
64776158222931201
27345266806687828
97074470375530521
78854277082388881
30118901565796214
18446871472111526
10492155423349960
74551480355929192
29593390966961587
99602139931313540
69053069444600173
17224710184484444
26371376218798818
79824835617089569
38823334194336926
41773410925764529
82091928713027101
48114131920166194
91894758879727830
46273394801992694
50466758036182257
36290904880526000
89085049524370408
42008939701762002
90336722083203359
10906649136960980
16048316337873801
27246978002553480
95929940969089623
47517318492477821
34356538720994567
41161014901975659
31004028754148586
32539014601267382
97870642031715863
46224803904705603
79326336482798393
81533344429565726
92340005518632431
38389171710142153
63665853510786770
13698024864917285
26851168063438790
44165784931843912
79863281021080222
75917151963478210
81375374880119264
19393085754889594
14772038701751725
31567099909738890
78904157245649562
15945540719350745
45603947671423627
32819034847009243
99315385074902794
93998718922388860
86837706221086111
93714793355494573
51831744747140737
84779853182846045
98807634641432141
61708726515998583
59962665887670276
91496564001320115
35924708093534195
13192720083613870
26806922576519641
89027634385456460
76911666182701119
57336801674696738
63866765237153814
93702016765805749
55521935313547621
29216710871488633
29638443842919154
43527262423044830
29086593644410985
28589710563233725
28213299041307459
55660700753058225
62169324003392764
29536505680584253
69381012295256855
96690442729860461
71506879206997787
68958280428038410
10302886846060166
20895058910408744
67587228572236819
81967315857723338
31412897121795762
32960445664968708
17163319884678869
61419104149600617
36891126147959482
91479754185491235
32726379257153109
33235270782542514
99338456140816003
48956203048816387
60771133856572557
75494841715836967
21099722826929702
12974738425072926
49575521462254626
90950510595671736
91951795996747437
81502159633929431
43205200819289451
83710745769170256
97950945059745523
13489240952766222
83544863267754884
26630413878378809
45861037016984482
67110089124658785
37109910599000071
22604766174810694
35981679818851140
31963159236022840
40975089619630513
93274448213451255
99198324538687535
57932126587011333
44626342654569331
80475413219993126
72869735225591864
88109236025808170
55312807068340676
74189717007397916
12383930340216224
55996143959234444
17633498919174090
87453764048079889
42427261088597146
44800084601123051
15157421902657746
74315878374659952
33844993141171855
11532786034887942
94636033402287318
88767425749128087
73433765607932824
45838055965804813
78349885914949022
30879291906829730
41224446271739703
55207829721420581
63871140456580693
76512623595641473
39865782545628025
92542646362214969
23438696872692347
31206217788439669
49766405188668399
26096594175638670
69071235520499378
15336743649186438
59906818706656275
31072844746669208
88925371095253053
41978083231064115
88015232587256991
74494094562552665
72947794482158296
77708507584035033
46008023917307373
98635148923735445
87044869304329852
13683302167960935
27205588932802078
65313946374016541
91529663667665352
60510679121606387
27913652723978301
11916100240346971
72903520662900031
95750307698073666
57936685370162538
53721637052860921
92850198836981469
35362331551641562
40602905931681738
26045998605407634
18707664904584474
36840084258097132
86906167400423512
62035015472944615
43508487194903423
24923590257751556
16825217460486461
81574441561949980
21300595927109845
50463884988191027
86252063756273031
32367620915028277
68512108114432295
29386532849494823
76798883464289221
58078658081881489
90913427765947618
16031762873779102
86580072575038328
78113712674924808
74777960212970443
80070641795742641
42416347858650492
12459365936836973
21158096452729678
15143604359878658
40805579037745212
18131248240282787
34319209613329797
74998147269869575
14807094993977757
92527036720156545
21453696499131016
52456578743773582
58537824084252707
32258734525448237
57041544893218495
62836714415518216
72761362460553262
48783957845157553
36274600209384006
26305441664797090
72742333167105284
65678473170937386
81940319134944270
65004022756415608
39654871688214700
84252103711992514
94319402946436854
11267857838971694
81039904831238133
37121758772427709
40098449075625676
62220229891337944
37129790382141181
75747388441862634
82471240377950788
82081700683074078
60181501459189156
70435063369316621
91710321423866072
72912146445670438
15703301330235984
21312217125819280
32151866681217350
84625141538328799
35894452542978471
82899701615734479
94217790892903056
42890785700214962
53762498032846343
25045351102318003
38283675317586555
49211976663630103
52127046316448163
51610425353542225
55966527384106866
61464843894110417
57761064339205145
36029827591417752
68315872108441242
24025460168751790
74852033912049256
65834019106176359
88458520220390648
24039168511730849
62811122864643161
41883336841362444
58813732418542606
76475382124262062
38049898192675208
85429361745994598
52619845259923462
37822225141232895
48112567283461880
99490779721715903
54803028797775407
63643748292787708
27584096841205384
21860782968613613
14348752953057432
63108885097394721
34017485440925170
94946087579443584
64440022464796808
59946012022700033
64709406751614245
10736098959204377
65729996682255314
72470655311798462
12127554904648457
88299222373902799
45778689327897206
60142092765717894
51724536586779169
51841727982527421
91386204933731151
17255375989561263
14303650721373456
52386135744709483
60703697843021641
73632622278011686
76915326273771680
16729759110701153
81000577877040401
11291451767661920
14511929339561570
83140417679452785
74578101941329946
81102681205228574
88092676955904241
62276233454401061
34036072871112831
81069516788443958
65631349302520464
86252135732680304
55234915492526490
65827500951264070
98242118539093160
26701066069986999
93445423083917290
53012611571286313
70114331668647386
94615478462337422
44842488816735803
70005516599101490
75080980593429304
84371517324035293
64436415460759648
60037157269550120
51033813243222761
81099391666598254
50503964535145688
89482020403576776
45288259441389529
72077929707783442
46155037163413853
87089542397003190
92658217334022720
13071738937205105
17415175216534339
81793454357261881
35546739471927396
70598528629931995
37142359000909731
86363219266783657
75183276285410579
43242593333703543
10074877172485879
11564929840824255
69796787832045221
96635773798577080
61111001986363336
47828524640657631
77905000673792981
37258663668478735
55709891045333271
52704565934068196
42649193762873652
71857552083510098
77413156109535867
34826394454805923
49643743368452237
64438106704242435
79214893940335953
12060392332959213
41446389289375233
13450399459933699
90525091023939304
31291024436734510
75960512830024390
17322065758766661
57956288776096369
76517420021121578
84679466857192069
47997444313683189
57032541396850307
63708061316528599
54716922634519289
21374143162078376
66745332621934905
15585202270100910
96896268735733128
26041613164349524
89377235402015972
19594322946441694
97527466597345538
29901635194885955
38509485249726330
82092717227385553
84167750216795131
92174137597019240
94381310152718038
42687082789939707
71024711958025893
13917994527056384
88293130517893596
74936213400933909
33978705166893117
10348852440845417
81601356826683124
59821669055287480
30507914207642982
86033640777201162
81562166660973799
85351748177322063
19537788155731104
70977583722292085
86317861621555233
34702017216063826
21579373914838203
24636439831231193
32756517048908243
88696759719644985
67462328668317720
39952569654237360
73685053137017192
62653733526610355
21793606000299969
77728142006861520
58873805595848631
99338042719366580
44347398175037859
45280481260133473
21173613993210742
63632309192344763
14079291586484894
53432645224284587
65174895658688858
24264843719883248
77953436069155660
64410529855066786
49078060380102437
22473645829491746
65360528385523348
30069570664584656
56665354014407122
39615228778017338
29925939047326874
20076793420745410
11103326501371182
78228699756349001
11025803611868208
80716446536512675
13434051872293580
78296465040260613
53249853656678258
78439414764849942
59454970747275471
81415276724068056
76236951056959192
28951668795271321
71846807306565483
89522072607687413
89470172060072247
79493565006679784
29597906883615780
68020396787278344
68465351912995150
68686862599730474
54026203609357172
57052674359202071
88872214905255661
27048290648031514
38399427280795653
47696339834561753
53878721227118864
89808504570623258
63412193035089701
50966305622569865
30527616239117121
47076057403545472
18172898881053579
15981841796607714
98919880213023701
79553137430144414
27696581329209584
93747629331889918
86146307773359317
56158002050280644
73265499909906635
92911751000211320
80444739380188444
87968216715259648
14095324885954979
16290758314695422
51801267782602150
90102794982319074
95350126226094553
33300732986744541
55822434972867290
20907154084905357
91434940544493542
18653161884500125
81135187423983809
64784164525556203
53952335066419546
80382860886437584
89986308273621594
93107977025615416
13135591437700209
80873043230962548
99422476868973150
19992057262952999
73565840937421138
72634625538748738
87222737364853779
46047164265492662
45191708541944333
64091551703593532
61247587986703249
76185250252860591
87554682007518520
21062109028005148
32149585167339332
78666030992731570
31738206459260027
75299142776674956
76281199690386681
49381632293142365
79102772364102996
47542217525271564
25155989539867711
66669175383937496
29491820860803016
74753449578830271
14577011930004070
64725467810811219
97853160071327148
40055764782120457
47705688974046720
21747957480894778
79798573162870322
77363802770658198
25347088642247043
40341776681884688
11547964278177912
54964757124755265
40860333373234657
65216464698354051
19410251557778829
47647545305518060
13689806091702276
66839503669974289
36035159522857514
37541458504363613
65193968324656614
30069862368973108
29362546157255113
91501967001572996
99996824147159932
99556914247906442
81175416265938417
58559185440941691
89449072052261619
11467428853331602
46926210964534375
96444789918947757
92888354449071020
82979305460179922
83116676430714976
59409521909803338
34335357120845247
42635532118070253
80829145140219304
77429849254932563
16660931346031445
59843450135998561
28005429167994667
30843871764745649
34739777670569217
90936941747412703
10946428542297318
16144634808982649
40882837641996056
90975631935119856
86483012197571594
20974622710756710
39458792988695371
36643157583490169
36012884400159597
37503281393412017
85070305352900375
94978426476358196
82565999020893578
54029645683745549
83943186306991951
97625578228554561
28057729249495106
35071561237242558
55715600234713365
92043847373495310
36368242996153730
26588856008078235
50383165323818721
81723243720041813
78061746525954012
87363202058762171
14672254135516640
29879868120429201
61119093148891677
78788006087029754
53753028751478643
33117622086059329
30049374114348708
26374270068073349
50405684541031497
21169981414783525
96431092892336481
96230501193464656
53425901761833797
16297167494346735
25652799712165570
94418496446513737
32678260832692751
12882209474120714
17368594134234367
24226239246790359
54947100124996009
73405032769281960
50267764575944733
49837697174591589
56699503385722716
45419955570916738
32757512762290366
26941891990310094
57770960631144521
26204112878539358
38070994392600260
56355495289292164
61512757431752111
96904124307855114
72461944106260757
31483373645878345
16118951290040516
41242201337940839
85629493589841813
21542879304365571
90477893287395132
86070150841964523
28196280848465710
88108575246498781
10242252554667881
85427806955989933
70151410783373829
28840332257612494
63353996954668218
90766665231494099
11507091294119755
73810172530791858
99346816296738921
65157907932762840
80026331728588269
35456894222071216
22119995389447064
13692005951094119
67316394725036356
95423111864407579
29765959919603062
87624974467194382
80603708794770002
31071478522363225
44257560549368927
43999588663093019
98895394689860846
49954870770367031
18093617060638271
42410675780331816
17484830272626924
39834505776071544
88432811065038402
17986512958509850
96746641074751370
82754516538601319
66830582823135144
20949716872872556
11514325103175899
65006483382162391
26891928628003416
97164399077533900
40332158750155864
91432315768881807
65733973184076063
99006882631810779
49080699717743087
86071311651944288
48860186635219571
73272257342821423
16138734027421070
13264379564589073
82137701695361761
82364978483033936
49488602213582464
39572622854333705
71893045726634400
43465123430502560
21041351466321542
59502119055156418
30364323582883259
60215550701874766
43588701607120301
11691568080377915
30129300722445962
19378059964497458
21185054494001429
74814110494767256
85796704955724306
25905526783302961
48762682594475513
47220153151376156
32789160703977102
74773759974591308
27895158735645975
64771831942192226
11114763490169497
79540927273577187
62535083549068260
82347565787790426
74928961836530694
85255667689903052
25621151987401994
51772888221635905
71531119460879460
47514772821820987
97937351243842873
96319667916093102
54939821698282273
82902824359049790
99840039967242616
48008435966566290
21778752424027235
49479799520773056
64203096018895665
15563888994447247
75667299496742440
17858741950804984
25539508558738777
11352951929546776
82580356144616544
14721102877635257
78937691574757359
16576716497175378
84723266807319398
86459820944753423
47215149961503021
82297429074376477
44568102589303204
38522861824606334
85761740096096390
52090182116885460
98980223908270620
53293271304344591
56777116486756311
97173772769106267
83137857587220015
48012031986145601
59412895593536951
84439744844880757
74905690021818794
21060471073146233
51392933446725116
72063701724052188
10879961443518275
88969225598835542
56293619711659111
13099330132544223
24198693315904101
99068174372574526
90407613892729085
64712560451358775
61482619982658397
57573751121712164
45145735610612222
74500317654796800
81062385544540568
89661730722305576
96225487140011564
73660417537677762
33916009658002151
26219870240982037
77109191784071713
91555944706117081
73869946842712669
16286843146386758
49657855804493653
89772069107930797
11681058586300025
10412948411675622
86699526342700847
15810311808940819
87124644532721389
99954534447524719
45917666369511169
19043974319116349
92267655598372821
51155561796897832
39916575156472422
74352324219415348
45709728198735687
86949470229758100
83366209472272319
31747787493257756
41940227500200190
40069817453436187
60916531459722763
80499075749577095
65891452650906243
94294554853848997
26199786438336052
25975579650367701
70869500031649287
49302294515458463
76748763495816509
39008223701257248
51284802421234372
29087566930251806
17761500145879402
88596604148952166
62689497717886999
57749834762658833
34878706438735264
75419653967334117
54079669960006467
23605800537606529
95183403531656308
15819319809498292
35658887476858845
52463556222665159
94343277071927920
69567385011888676
54564375382488946
47044931969958176
99986637762456376
35428274188340349
49138366530130133
13719881501025819
36705959651004007
70124040901320049
14212856342311691
40622473828631109
57032292333573069
64743704352059212
50790779929723481
14419418471104113
12229771381790436
18454601001062765
39955735353444788
24658116400545901
68918540683435804
64446893225488551
12129980151580383
43867497882772135
21794925961498828
32463227273324141
41438237353868240
40992426219317462
19491442763051286
44301514887343909
76000915696676636
15675694192618318
47907708542935944
17471513147480608
69377913309446549
66625958191293782
45720176717673135
22415640415146928
92023597131674791
94312980733401501
89086300802762737
11597699381920496
36890834736997496
12460692401568927
71488116531214472
99862552301417952
89968726844595447
30284173587304424
86818986530401992
85210105104759237
95051416279966687
62321863834019352
33192197277168896
82206039928040995
82934192069573556
59779075666222279
70709883384757328
71039388066367087
15359243309610349
27474111030370965
90101766447907687
96399828902908163
45346676478439230
37824577509619793
50060170974036876
90134035926767447
23627118301485902
72409922820827493
46295522664729145
84860732016063959
97864489640947429
64222335229344879
47665699457525001
62807326723247356
57157933819466948
80093188292502057
47486607322040689
20663091517305813
44749191611009426
82660667195040316
37829567372696577
29172927679081985
16702965897556862
39510808241616411
82707613527064437
26255470928633691
83438554804038879
71708929004765639
86719354600280135
55820408487378370
97031451896785282
33854696624400403
28794774178754858
92549914546729066
57027843058326425
36793384812815296
93105865553042531
43871450256382005
58728018636715947
55954046474944536
78296235128197631
93880184462500349
66477192240208412
40643170072957547
36461617531440162
44470249846950040
58144915090141970
71614686924160694
29583687289888295
